4  8 16 32 64 128 256 512 1024 2048 4096
     16    64     256     1024      4096 
           64         512           4096
				  256               4096
				          1024
				                    4096
								
9 27 81 243 729 2187 6561 19683 59049 177147 531441
     81     729      6561       59049        531441
	        729           19683              531441
			         6561                    531441
				
5 25 125 625 3125 15625 78125 390625 1953125
         625      15625       390625

6 36 216 1296 7776 46656 279936 1679616
  36     1296      
  
2 3 4 5 6 7 8 9 10 11 12 13 14 15 16 17 18 19 20 21 22 23 24 25 26 27 28 29 30 21 32 33 34 35 36 37 38 39 40 41 42 43 44 45 46 47 48 49 50 52 52 53 54 55 56 57 58 59 60 61 62 63 64 65 66 67 68 69 70 71 72 73 74 75 76 77 78 79 80 81 82 83 84 85 86 87 88 89 90 91 92 93 94 95 96 97 98 99 100
    1   2   3   4     5     6     7     8     9     10    11    12    13    14    15    16    17    18    19    20    21    22    23    24    25    26    27    28    28    30    31    32    33    34    35    36    37    38    39    40    41    42    43    44    45    46    47    48    49------->48 distinct terms
	      1 2   3  4     5  6     7  8     9  10    11 12    13 14    15 16    17 18    19 20    21 22    23 24    25 26    27 28    29 30    31 32    33 34    35 36    37 38    39 40    41 42    43 44    45 46    47 48    49 50    51 52    53 54    55 56    57 58    59 60    61 62    63------->63 distinct terms    
		      1 2  3     4  5  6     7  8  9     10 11 12    13 14 15    16 17 18    18 20 21    22 23 24    25 26 27    28 29 30    31 32 33    34 35 36    37 38 39    40 41 42    43 44 45    46 47 48    49 50 51    52 53 54    55 56 57    58 59 60    61 62 63    64 65 66    67 68 69------->69 distinct terms 
			             1  2  3  4     5  6  7  8     9  10 11 12    13 14 15 16    17 18 19 20    21 22 23 24    25 26 27 28    29 30 31 32    33 34 35 36    37 38 39 40    41 42 43 44    45 46 47 48    49 50 51 52    53 54 55 56    57 58 59 60    61 62 63 64    65 66 67 68    69 70 71------->71 distinct terms    